1740
14
402
90
1583
168
1534
898
828
1125
627
1230
1777
50
760
515
1089
685
1037
562
962
9
610
694
1348
1845
1494
298
1000
1953
642
429
1618
566
1356
1613
268
1871
1717
1315
1739
530
582
988
1814
871
124
111
1511
876
786
1485
319
81
628
1064
639
1637
701
1711
1488
571
1001
1849
1661
1876
776
1805
277
1622
1307
662
413
1905
158
1410
228
979
1544
1844
604
1709
1847
1244
823
1547
781
1095
517
1674
687
1201
1688
53
399
188
1846
502
1783
559
249
1299
365
1459
1745
406
503
203
447
1906
1378
595
1790
477
335
1012
637
539
52
862
1454
1053
1203
1028
1025
297
63
1383
259
1205
1207
1458
1796
1690
1298
1193
1214
1920
1603
1164
1704
996
1640
915
833
120
516
236
721
835
1114
1088
1581
1027
1669
223
868
1107
303
1213
616
1755
409
1749
403
1508
1301
1842
171
1010
106
1103
1979
1532
1349
1090
678
1572
1154
1851
1234
1059
311
574
264
1050
492
1257
1339
1910
401
232
1623
85
1700
1387
1452
971
1267
1698
1651
1888
675
728
1801
521
573
1882
1880
1545
877
494
1633
456
527
1859
643
1032
1286
1515
548
59
11
1767
464
1772
388
953
791
937
1836
1760
1272
805
954
741
1100
109
86
1445
1455
17
788
1209
1056
1751
933
704
343
1530
1517
349
339
1498
314
1948
575
25
1869
1186
1241
218
154
170
1529
354
1689
1691
1939
821
484
381
977
1619
1864
1756
919
69
1427
758
134
1812
478
1419
505
122
652
47
1031
1962
219
1520
1446
1101
419
1985
941
1199
184
1094
1904
907
1820
1102
362
1294
1400
1562
1436
1096
1280
1563
1912
990
1513
1351
1527
1531
1397
186
928
336
283
1266
1991
1337
1574
179
175
1558
369
1786
48
1576
1678
400
1132
1021
737
705
1323
1403
1817
1775
1561
1809
1229
1447
141
920
1218
790
797
603
519
1238
1121
82
145
803
623
1886
126
226
357
724
857
609
495
1822
586
563
750
1607
1085
241
101
1212
735
407
512
736
309
968
526
374
891
1335
1033
185
1923
1944
584
435
424
24
57
523
42
1937
960
602
1968
1516
858
475
1606
697
329
10
1148
1680
1149
417
1737
793
1626
360
1221
775
589
1580
443
326
1228
840
12
378
507
37
813
112
421
666
740
1610
1889
536
1220
1167
1003
289
1182
1703
1018
44
1891
802
1225
347
32
879
390
130
864
1263
1741
139
220
1550
210
1840
1389
333
1066
1929
375
1288
469
1158
131
989
943
1916
463
294
1261
1975
1811
1970
980
552
431
1293
665
1522
739
688
1795
984
301
600
934
1139
1347
762
824
2000
150
1824
1145
538
1540
1044
1648
1874
1194
683
15
1282
689
1079
543
293
1385
177
961
1255
273
437
570
143
89
564
591
1402
1732
1683
963
1507
861
1771
940
1320
1587
1883
279
1803
1969
29
1620
1837
1265
896
682
650
1233
1374
585
676
1747
1503
522
142
1219
427
270
606
1173
1730
1934
1019
731
1404
1589
387
1831
189
183
64
299
1938
1575
1453
356
376
451
244
846
1987
1615
717
169
423
1590
764
1092
1278
1492
965
1249
1381
1638
1313
1314
1644
932
844
290
167
428
1248
745
1551
1899
2
1245
1855
1198
346
1035
1434
1977
1927
558
1030
370
473
906
28
454
1134
1370
1988
1432
304
982
1477
46
1063
1625
746
1806
1187
1153
699
1444
1942
529
73
716
67
116
34
1800
1226
247
153
296
295
1481
845
1152
367
681
1443
325
344
680
1208
842
1473
1982
446
93
1727
1111
653
430
738
1055
827
499
322
87
1202
1600
673
1184
583
817
1604
1355
1163
1126
1341
1697
255
970
1106
892
712
320
1736
1567
569
557
1861
157
166
80
849
187
91
608
1305
438
222
1875
1892
1925
997
462
173
467
651
1870
560
913
554
480
767
839
1675
923
532
23
1426
729
528
433
1789
1793
152
1002
1054
1833
1509
331
1696
1702
1319
373
1813
1022
262
1499
1166
770
123
925
957
1959
1568
542
598
33
1605
870
1242
771
1553
1591
1639
340
306
885
1020
761
1774
1113
1666
1097
1815
1592
1994
594
1480
1733
165
281
1577
766
1753
76
718
1247
756
125
1901
148
455
991
420
324
1287
769
1514
1993
510
198
1006
816
1642
837
497
1083
405
983
825
1401
1614
1491
605
1086
1283
1425
748
1911
266
1539
1841
348
3
1766
1830
1646
1518
1585
1275
1903
1725
307
890
1450
328
1190
981
1232
1204
1867
1866
1712
1380
418
590
206
1650
1907
1227
1358
537
1326
1463
1504
763
1631
1884
272
1850
449
267
1919
92
1254
411
1270
1141
1735
1105
859
910
822
1429
1285
371
1616
1579
476
1538
254
905
20
1671
465
949
498
1897
410
994
1521
1369
622
1005
1560
215
1004
1695
230
445
1660
1787
1984
65
1414
359
94
726
41
921
292
1980
1868
1971
1673
869
993
466
1016
853
195
588
1291
1823
838
56
408
1643
872
540
831
732
334
1217
147
1457
479
1664
1810
601
795
743
1466
672
1726
1422
263
1634
1117
43
470
1857
754
1782
1893
490
1764
426
875
99
271
425
482
1296
1956
1853
899
1338
1253
1329
1008
686
1396
1928
284
1728
1784
7
227
1045
1972
1565
1602
1367
1333
1240
1179
1926
1714
1887
926
1408
1723
1322
313
1150
1336
1133
216
1366
1898
251
196
71
1519
1271
1921
1372
1612
1557
1873
1537
190
659
808
614
1724
1588
1192
1273
1098
1268
702
667
1175
45
555
663
1902
806
113
950
751
819
338
1377
1952
40
353
1860
500
1536
1129
1424
439
1216
1074
245
302
391
162
1069
1409
4
935
1913
1029
632
1417
68
1791
392
1895
1196
1489
1441
1818
221
593
1077
657
432
1738
351
1211
1500
393
1256
341
1936
901
1734
214
581
880
1950
804
1197
931
664
768
104
587
364
1804
973
1406
1476
796
1684
867
248
1667
633
759
809
84
715
684
1792
1535
1548
1957
1752
946
404
291
1816
257
265
288
1363
22
1391
276
1915
105
1686
999
568
1571
1394
655
212
1014
487
1852
1357
1662
1621
97
894
1556
1832
1776
62
668
384
231
61
1978
1983
711
900
773
578
1754
1176
1470
1479
363
1506
1297
383
129
1057
956
1418
1528
1250
884
1854
103
810
679
1502
1658
723
1924
1276
1262
778
615
782
240
1277
6
1343
100
972
909
75
118
444
1665
382
224
1641
1467
1966
801
1981
491
1995
1973
1729
929
60
36
27
998
1060
856
282
647
181
1595
182
1474
1941
1183
1123
1914
882
1478
626
863
1872
1773
1246
252
54
19
964
1559
1486
1135
1011
596
49
108
1472
1023
789
1663
1428
1963
1475
848
1243
1456
1259
1951
1632
1368
951
1308
709
504
1827
783
1955
1070
1311
561
352
644
237
1290
1304
1169
305
209
136
261
51
1122
1352
911
1178
792
1636
618
256
342
1894
1177
636
1435
1676
1482
1136
648
1235
194
1376
74
151
1361
630
1289
1974
250
727
1998
1137
1119
1715
1967
1046
5
1258
550
1758
1215
489
321
1699
787
1609
1584
98
734
958
1332
1024
1269
1093
1555
1318
719
1413
1185
1195
316
1799
1373
350
1344
1110
201
1526
415
904
1052
1512
1765
119
843
708
832
286
1838
706
110
1156
1295
969
1744
1918
747
577
213
1143
1645
535
1617
1224
1157
1573
866
1309
501
696
1746
1231
531
752
235
725
1210
976
1362
149
620
1877
1990
893
509
1596
1127
1713
1932
1593
592
1423
1780
1858
774
878
887
1292
986
930
386
1524
1653
1189
995
815
924
1856
207
1701
1802
156
1009
938
812
1493
624
1986
1375
1594
164
1656
1597
285
1599
670
1091
88
1013
948
127
1885
690
1395
358
1442
70
1670
1398
1523
611
21
1072
1935
337
1405
327
1834
508
784
974
1878
1554
1279
1206
128
888
525
757
275
448
1038
202
300
121
394
496
518
1412
1628
1931
1710
1078
1785
691
785
412
1128
1144
1611
1251
927
1707
1180
511
159
1933
889
211
1393
238
903
1778
912
385
280
77
646
1687
1598
39
1040
18
453
914
1945
1034
895
700
1510
677
1036
1989
452
78
1829
1879
1264
138
459
765
1863
918
1821
422
1961
1325
1146
1779
541
1770
132
1140
1552
713
312
794
572
693
442
102
1312
1174
1222
1469
1382
1719
1302
742
38
1654
1649
1284
1960
253
1819
799
1155
1049
1718
1896
1566
366
733
1075
1763
1624
1162
172
1759
323
1543
1677
1533
939
811
1497
193
468
902
234
1415
1630
1310
1115
820
1997
1958
1430
1407
619
967
1954
865
1731
1062
818
1112
1168
146
1360
436
242
1451
607
520
1635
753
1462
1048
310
1438
58
947
308
1439
612
1578
96
1848
332
1705
1421
576
1890
1460
1081
955
1629
1353
1862
1601
1549
107
1080
1142
205
1468
1881
1757
155
1165
1334
246
1116
780
710
1
1826
1750
936
1138
1237
942
1947
1495
638
916
31
1007
8
1041
1448
1999
985
599
140
922
1461
1340
674
315
160
163
695
641
1281
481
1672
1087
1692
1694
1067
318
1769
461
779
1835
829
836
1386
1762
1708
625
1109
1797
714
1076
1303
117
1324
474
834
854
1384
1449
800
414
1170
1976
1047
656
579
1721
258
66
1668
192
180
617
826
35
544
597
841
396
830
1061
553
873
514
1161
1659
772
72
133
1181
874
200
660
1342
1359
621
1331
1274
278
533
416
1570
722
944
640
441
1843
1946
1965
1627
485
197
269
1330
1748
1042
1440
1015
1120
457
229
380
698
83
1490
398
807
1839
1546
1039
233
1798
345
1996
1411
1350
434
1464
1722
1930
317
1200
1808
458
260
992
174
330
730
1964
1484
377
1191
908
1908
534
471
1017
355
1071
1099
137
1781
204
966
613
1172
161
1316
883
635
1130
1943
1483
1252
440
1236
1865
814
208
567
671
486
1043
1160
850
1159
744
1365
1026
144
1364
1569
634
551
629
546
1300
1104
897
1917
287
524
1761
506
217
1564
379
1681
1582
545
755
1586
1327
1354
798
1501
450
1058
703
654
1487
917
1223
55
1471
1693
1940
547
565
493
978
1828
1437
1131
959
395
1345
1118
1652
483
1909
658
945
1794
1525
1742
1743
1065
1151
1392
1108
645
95
1317
1807
13
631
1399
135
749
860
1051
30
488
707
1260
1346
397
1922
975
777
1685
1073
243
1239
1431
472
847
114
669
851
1541
16
115
513
1825
372
368
556
239
1147
649
1682
1371
1949
191
1465
1900
1706
1657
1388
225
1416
1655
460
1496
1379
1306
199
274
720
1171
1328
1647
855
1608
1679
987
389
952
1124
1992
1505
852
881
1542
1068
178
549
886
1082
661
1716
26
1433
1321
79
1768
1390
1420
361
1084
1188
176
580
1788
692
1720